31001
31002
31003
31004
31005
31006
31007
31008
31009
31010
31011
31012
31014
31015
31016
31017
31018
31019
31020
31021
31022
31023
31024
31025
31026
31027
31028
31029
31030
31031
31032
31033
31034
31035
31037
31038
31039
31040
31041
31042
31043
31044
31045
31046
31047
31048
31049
31050
31051
31052
31053
31054
31055
31056
31058
31059
31060
31061
31062
31063
31064
31066
31067
31068
31069
31070
31071
31072
31073
31074
31075
31076
31077
31078
31079
31080
31081
31082
31083
31084
31085
31086
31087
45001
45002
45003
45004
45005
45006
31088
1001
1002
1003
1004
1005
1006
1007
17001
17003
2001
2002
2003
2004
2005
2006
2007
2008
3001
3002
3003
3004
3005
3006
4001
4002
4003
4004
4005
4006
5001
5002
5003
5004
5005
5006
5007
5008
5009
5010
5011
5012
5013
5014
5015
5016
5017
5018
